train-time = 57.430032
train-RMSE = 2.78883004663
test-RMSE = 2.04585182498
